0 0.1
1 0.10600000000000001
2 0.11200000000000002
3 0.11800000000000002
4 0.12400000000000003
5 0.13000000000000003
6 0.13600000000000004
7 0.14200000000000004
8 0.14800000000000005
9 0.15400000000000005
10 0.16000000000000006
11 0.16600000000000006
12 0.17200000000000007
13 0.17800000000000007
14 0.18400000000000008
15 0.19000000000000009
16 0.1960000000000001
17 0.2020000000000001
18 0.2080000000000001
19 0.2140000000000001
20 0.2200000000000001
21 0.22600000000000012
22 0.23200000000000012
23 0.23800000000000013
24 0.24400000000000013
25 0.2500000000000001
26 0.2560000000000001
27 0.2620000000000001
28 0.2680000000000001
29 0.27400000000000013
30 0.28000000000000014
31 0.28600000000000014
32 0.29200000000000015
33 0.29800000000000015
34 0.30400000000000016
35 0.31000000000000016
36 0.31600000000000017
37 0.3220000000000002
38 0.3280000000000002
39 0.3340000000000002
40 0.3400000000000002
41 0.3460000000000002
42 0.3520000000000002
43 0.3580000000000002
44 0.3640000000000002
45 0.3700000000000002
46 0.3760000000000002
47 0.38200000000000023
48 0.38800000000000023
49 0.39400000000000024
50 0.40000000000000024
51 0.40600000000000025
52 0.41200000000000025
53 0.41800000000000026
54 0.42400000000000027
55 0.43000000000000027
56 0.4360000000000003
57 0.4420000000000003
58 0.4480000000000003
59 0.4540000000000003
60 0.4600000000000003
61 0.4660000000000003
62 0.4720000000000003
63 0.4780000000000003
64 0.4840000000000003
65 0.4900000000000003
66 0.49600000000000033
67 0.5020000000000003
68 0.5080000000000003
69 0.5140000000000003
70 0.5200000000000004
71 0.5260000000000004
72 0.5320000000000004
73 0.5380000000000004
74 0.5440000000000004
75 0.5500000000000004
76 0.5560000000000004
77 0.5620000000000004
78 0.5680000000000004
79 0.5740000000000004
80 0.5800000000000004
81 0.5860000000000004
82 0.5920000000000004
83 0.5980000000000004
84 0.6040000000000004
85 0.6100000000000004
86 0.6160000000000004
87 0.6220000000000004
88 0.6280000000000004
89 0.6340000000000005
90 0.6400000000000005
91 0.6460000000000005
92 0.6520000000000005
93 0.6580000000000005
94 0.6640000000000005
95 0.6700000000000005
96 0.6760000000000005
97 0.6820000000000005
98 0.6880000000000005
99 0.6940000000000005
