0 0.106
1 0.112
2 0.11800000000000001
3 0.12400000000000001
4 0.13
5 0.136
6 0.14200000000000002
7 0.14800000000000002
8 0.15400000000000003
9 0.16000000000000003
10 0.16600000000000004
11 0.17200000000000004
12 0.17800000000000005
13 0.18400000000000005
14 0.19000000000000006
15 0.19600000000000006
16 0.20200000000000007
17 0.20800000000000007
18 0.21400000000000008
19 0.22000000000000008
20 0.2260000000000001
21 0.2320000000000001
22 0.2380000000000001
23 0.2440000000000001
24 0.2500000000000001
25 0.2560000000000001
26 0.2620000000000001
27 0.2680000000000001
28 0.27400000000000013
29 0.28000000000000014
30 0.28600000000000014
31 0.29200000000000015
32 0.29800000000000015
33 0.30400000000000016
34 0.31000000000000016
35 0.31600000000000017
36 0.3220000000000002
37 0.3280000000000002
38 0.3340000000000002
39 0.3400000000000002
40 0.3460000000000002
41 0.3520000000000002
42 0.3580000000000002
43 0.3640000000000002
44 0.3700000000000002
45 0.3760000000000002
46 0.38200000000000023
47 0.38800000000000023
48 0.39400000000000024
49 0.40000000000000024
50 0.40600000000000025
51 0.41200000000000025
52 0.41800000000000026
53 0.42400000000000027
54 0.43000000000000027
55 0.4360000000000003
56 0.4420000000000003
57 0.4480000000000003
58 0.4540000000000003
59 0.4600000000000003
60 0.4660000000000003
61 0.4720000000000003
62 0.4780000000000003
63 0.4840000000000003
64 0.4900000000000003
65 0.49600000000000033
66 0.5020000000000003
67 0.5080000000000003
68 0.5140000000000003
69 0.5200000000000004
70 0.5260000000000004
71 0.5320000000000004
72 0.5380000000000004
73 0.5440000000000004
74 0.5500000000000004
75 0.5560000000000004
76 0.5620000000000004
77 0.5680000000000004
78 0.5740000000000004
79 0.5800000000000004
80 0.5860000000000004
81 0.5920000000000004
82 0.5980000000000004
83 0.6040000000000004
84 0.6100000000000004
85 0.6160000000000004
86 0.6220000000000004
87 0.6280000000000004
88 0.6340000000000005
89 0.6400000000000005
90 0.6460000000000005
91 0.6520000000000005
92 0.6580000000000005
93 0.6640000000000005
94 0.6700000000000005
95 0.6760000000000005
96 0.6820000000000005
97 0.6880000000000005
98 0.6940000000000005
99 0.7000000000000005
